m0 = 0.5355;
m1 = 0.0933;
g = 9.81;
theta_0 = 0;
anpha_0 = 5;
L0 = 0.157;
L1 = 0.133;
beta0 = 5.8e-4;
beta1 = 1.4142e-3;
J1 = 5.5026e-4;
J0 = 4.4e-3;
R = [-0.2500,20.6329,-0.6179,2.5406];
up = 1;
ksw=30;
muy =0.5;
P0 = eye(5);
c = 10;
k= 1;